Epoch,Train_loss,Valid_loss,Train_acc,Valid_acc
1,2.36,2.58,0.11,0.10
2,2.65,2.47,0.18,0.19
3,2.46,2.21,0.18,0.18
4,2.22,2.14,0.20,0.21
5,2.15,2.09,0.21,0.21
6,2.11,2.08,0.23,0.23
7,2.08,2.11,0.20,0.21
8,2.11,2.13,0.22,0.22
9,2.15,2.05,0.23,0.23
10,2.06,2.00,0.24,0.25
11,2.02,1.99,0.25,0.25
12,1.99,1.97,0.26,0.26
13,1.98,1.95,0.25,0.25
14,1.97,2.00,0.25,0.26
15,2.02,1.94,0.26,0.26
16,1.96,1.91,0.30,0.29
17,1.94,1.93,0.27,0.29
18,1.94,1.98,0.26,0.28
19,2.01,1.89,0.28,0.28
20,1.92,1.87,0.30,0.30
21,1.88,1.84,0.32,0.31
22,1.86,1.90,0.31,0.31
23,1.90,1.97,0.28,0.27
24,1.97,1.86,0.31,0.33
25,1.86,1.84,0.32,0.32
26,1.85,1.86,0.31,0.32
27,1.86,1.86,0.31,0.33
28,1.88,1.81,0.33,0.34
29,1.82,1.80,0.34,0.35
30,1.79,1.82,0.35,0.33
31,1.83,1.77,0.36,0.35
32,1.76,1.74,0.36,0.38
33,1.76,1.81,0.34,0.33
34,1.79,1.78,0.35,0.34
35,1.80,1.77,0.36,0.36
36,1.75,1.71,0.40,0.38
37,1.69,1.69,0.40,0.37
38,1.67,1.74,0.38,0.37
39,1.72,1.90,0.31,0.33
40,1.93,1.74,0.36,0.36
41,1.72,1.72,0.39,0.39
42,1.71,1.70,0.40,0.38
43,1.69,1.70,0.40,0.41
44,1.70,1.71,0.38,0.38
45,1.71,1.67,0.40,0.40
46,1.64,1.66,0.41,0.41
47,1.64,1.64,0.42,0.40
48,1.62,1.67,0.41,0.41
49,1.65,1.64,0.42,0.40
50,1.61,1.63,0.42,0.41
51,1.62,1.59,0.44,0.42
52,1.58,1.67,0.40,0.40
53,1.66,1.59,0.44,0.43
54,1.58,1.59,0.44,0.42
55,1.56,1.59,0.44,0.43
56,1.60,1.57,0.45,0.42
57,1.54,1.62,0.43,0.41
58,1.58,1.61,0.44,0.42
59,1.57,1.58,0.45,0.43
60,1.55,1.53,0.46,0.46
61,1.50,1.54,0.47,0.45
62,1.50,1.70,0.41,0.40
63,1.69,1.53,0.48,0.47
64,1.50,1.50,0.48,0.46
65,1.46,1.51,0.49,0.47
66,1.48,1.52,0.48,0.44
67,1.48,1.57,0.45,0.43
68,1.53,1.53,0.46,0.46
69,1.49,1.54,0.47,0.44
70,1.50,1.47,0.48,0.46
71,1.47,1.48,0.50,0.47
72,1.42,1.47,0.49,0.49
73,1.45,1.52,0.48,0.46
74,1.47,1.46,0.51,0.51
75,1.41,1.49,0.49,0.46
76,1.44,1.61,0.44,0.43
77,1.60,1.45,0.51,0.48
78,1.39,1.39,0.53,0.51
79,1.36,1.41,0.53,0.51
80,1.35,1.41,0.53,0.50
81,1.35,1.46,0.51,0.47
82,1.41,1.46,0.51,0.49
83,1.41,1.44,0.51,0.50
84,1.40,1.41,0.54,0.50
85,1.34,1.41,0.54,0.50
86,1.35,1.41,0.54,0.51
87,1.34,1.47,0.50,0.49
88,1.43,1.35,0.55,0.54
89,1.30,1.34,0.57,0.52
90,1.28,1.39,0.54,0.52
91,1.32,1.48,0.49,0.45
92,1.44,1.45,0.50,0.48
93,1.40,1.36,0.56,0.52
94,1.30,1.39,0.54,0.52
95,1.30,1.43,0.53,0.50
96,1.37,1.36,0.55,0.52
97,1.29,1.35,0.55,0.54
98,1.31,1.33,0.57,0.54
99,1.25,1.30,0.57,0.55
100,1.24,1.34,0.57,0.53
101,1.27,1.43,0.53,0.51
102,1.37,1.42,0.53,0.51
103,1.37,1.32,0.57,0.53
104,1.27,1.31,0.58,0.54
105,1.23,1.32,0.57,0.53
106,1.26,1.32,0.58,0.55
107,1.23,1.35,0.55,0.53
108,1.27,1.32,0.58,0.55
109,1.24,1.30,0.58,0.53
110,1.22,1.36,0.57,0.54
111,1.29,1.30,0.58,0.54
112,1.22,1.30,0.57,0.56
113,1.22,1.30,0.58,0.54
114,1.23,1.31,0.58,0.55
115,1.22,1.30,0.58,0.56
116,1.23,1.28,0.59,0.55
117,1.19,1.30,0.59,0.57
118,1.22,1.32,0.59,0.55
119,1.19,1.26,0.60,0.56
120,1.17,1.23,0.61,0.56
121,1.15,1.33,0.57,0.55
122,1.22,1.46,0.52,0.49
123,1.38,1.26,0.60,0.56
124,1.18,1.23,0.62,0.59
125,1.14,1.25,0.61,0.58
126,1.15,1.21,0.62,0.58
127,1.14,1.31,0.59,0.55
128,1.21,1.24,0.62,0.58
129,1.15,1.20,0.64,0.58
130,1.10,1.20,0.62,0.58
131,1.11,1.25,0.61,0.57
132,1.13,1.23,0.60,0.57
133,1.14,1.23,0.62,0.57
134,1.13,1.27,0.62,0.57
135,1.13,1.40,0.55,0.52
136,1.33,1.23,0.61,0.57
137,1.14,1.20,0.63,0.59
138,1.10,1.20,0.63,0.59
139,1.08,1.17,0.65,0.60
140,1.08,1.15,0.65,0.61
141,1.05,1.20,0.64,0.58
142,1.10,1.20,0.64,0.61
143,1.08,1.22,0.62,0.58
144,1.11,1.25,0.61,0.58
145,1.15,1.17,0.63,0.60
146,1.06,1.29,0.60,0.56
147,1.16,1.35,0.56,0.52
148,1.26,1.25,0.62,0.56
149,1.13,1.20,0.63,0.59
150,1.10,1.20,0.66,0.60
151,1.05,1.17,0.65,0.61
152,1.04,1.16,0.66,0.61
153,1.03,1.11,0.67,0.63
154,1.01,1.15,0.66,0.60
155,1.02,1.24,0.62,0.59
156,1.10,1.25,0.62,0.56
157,1.10,1.15,0.65,0.60
158,1.04,1.12,0.67,0.64
159,0.98,1.15,0.67,0.62
160,1.02,1.12,0.67,0.62
161,0.97,1.12,0.68,0.62
162,0.98,1.12,0.67,0.62
163,0.96,1.12,0.66,0.63
164,0.99,1.20,0.66,0.60
165,1.00,1.27,0.60,0.56
166,1.21,1.24,0.63,0.57
167,1.11,1.15,0.65,0.60
168,1.03,1.12,0.68,0.62
169,0.98,1.12,0.69,0.62
170,0.96,1.15,0.68,0.62
171,0.98,1.12,0.68,0.61
172,0.97,1.16,0.66,0.62
173,1.02,1.08,0.70,0.64
174,0.91,1.10,0.70,0.62
175,0.92,1.16,0.67,0.62
176,0.97,1.20,0.64,0.58
177,1.08,1.16,0.66,0.62
178,1.00,1.12,0.68,0.62
179,0.94,1.14,0.68,0.62
180,0.97,1.14,0.66,0.60
181,0.97,1.10,0.69,0.63
182,0.92,1.06,0.70,0.63
183,0.90,1.06,0.71,0.65
184,0.88,1.10,0.69,0.62
185,0.93,1.14,0.68,0.62
186,0.97,1.12,0.69,0.63
187,0.94,1.17,0.67,0.61
188,1.00,1.05,0.72,0.65
189,0.87,1.06,0.71,0.65
190,0.89,1.13,0.68,0.62
191,0.95,1.17,0.67,0.61
192,0.97,1.13,0.67,0.62
193,0.98,1.07,0.71,0.64
194,0.89,1.03,0.72,0.65
195,0.86,1.12,0.70,0.64
196,0.90,1.20,0.65,0.60
197,1.02,1.20,0.66,0.60
198,1.01,1.07,0.72,0.65
199,0.90,0.99,0.74,0.67
200,0.81,1.00,0.74,0.66
201,0.80,1.06,0.72,0.65
202,0.84,1.13,0.69,0.62
203,0.92,1.14,0.68,0.63
204,0.94,1.05,0.71,0.65
205,0.86,1.11,0.70,0.63
206,0.91,1.09,0.70,0.64
207,0.90,1.08,0.72,0.65
208,0.85,1.03,0.70,0.64
209,0.87,1.12,0.69,0.62
210,0.90,1.10,0.69,0.63
211,0.91,1.07,0.71,0.64
212,0.85,1.06,0.73,0.66
213,0.83,1.05,0.72,0.64
214,0.85,1.01,0.74,0.67
215,0.79,1.00,0.75,0.68
216,0.78,1.00,0.74,0.67
217,0.78,1.08,0.72,0.66
218,0.83,1.21,0.66,0.61
219,1.03,1.08,0.70,0.64
220,0.89,1.05,0.72,0.65
221,0.83,1.05,0.72,0.65
222,0.84,0.96,0.75,0.67
223,0.77,0.98,0.76,0.67
224,0.75,0.97,0.76,0.67
225,0.76,1.00,0.76,0.68
226,0.77,1.04,0.73,0.66
227,0.81,1.02,0.75,0.67
228,0.77,0.98,0.76,0.67
229,0.76,1.03,0.75,0.67
230,0.75,1.02,0.73,0.66
231,0.80,1.19,0.69,0.63
232,0.95,1.01,0.73,0.65
233,0.80,0.98,0.76,0.68
234,0.75,0.98,0.76,0.66
235,0.74,0.98,0.77,0.68
236,0.73,1.00,0.76,0.67
237,0.75,1.00,0.76,0.68
238,0.73,1.01,0.75,0.66
239,0.76,1.11,0.71,0.64
240,0.83,1.24,0.66,0.58
241,0.97,1.04,0.73,0.65
242,0.83,0.97,0.77,0.68
243,0.72,0.93,0.79,0.70
244,0.69,0.94,0.78,0.69
245,0.68,0.96,0.78,0.68
246,0.71,1.06,0.74,0.65
247,0.77,1.11,0.71,0.64
248,0.88,1.01,0.75,0.66
249,0.76,0.98,0.78,0.67
250,0.73,1.02,0.74,0.67